0.001000
0.001000
0.002000
0.004000
0.007000
0.009000
0.013000
0.017000
0.020000
0.026000
0.031000
0.037000
0.043000
0.049000
0.057000
0.065000
0.073000
0.081000
0.090000
0.100000
0.109000
0.120000
0.132000
0.142000
0.152000
0.166000
0.180000
0.193000
0.208000
0.222000
0.237000
0.252000
0.269000
0.293000
0.302000
0.319000
0.337000
0.355000
0.407000
0.396000
0.413000
0.433000
0.455000
0.475000
0.497000
0.518000
0.542000
0.565000
0.590000
0.626000
0.637000
0.651000
0.689000
0.715000
0.741000
0.769000
0.796000
0.828000
0.856000
0.882000
0.926000
0.944000
1.007000
1.004000
1.016000
1.066000
1.100000
1.134000
1.166000
1.232000
1.234000
1.271000
1.302000
1.340000
1.378000
1.413000
1.452000
1.488000
1.499000
1.578000
1.605000
1.647000
1.700000
1.724000
1.799000
1.777000
1.852000
1.894000
1.939000
2.027000
2.040000
2.107000
2.119000
2.173000
2.282000
2.311000
2.363000
2.409000
2.477000
2.464000
