0.011000
0.042000
0.092000
0.166000
0.259000
0.367000
0.498000
0.653000
0.822000
1.020000
1.230000
1.457000
1.714000
1.978000
2.294000
2.580000
2.944000
3.278000
3.652000
4.006000
4.386000
4.830000
5.262000
5.806000
6.183000
6.728000
7.237000
7.803000
8.382000
8.970000
9.560000
10.155000
10.797000
12.585000
12.381000
12.890000
13.656000
14.714000
15.057000
16.680000
16.807000
17.521000
18.359000
19.095000
20.203000
21.047000
21.935000
22.974000
23.889000
24.940000
25.888000
26.612000
28.002000
28.916000
30.122000
31.313000
32.291000
33.377000
34.443000
35.764000
36.967000
38.028000
39.363000
40.848000
42.210000
43.264000
44.795000
45.933000
47.441000
48.701000
50.613000
51.890000
53.266000
55.518000
55.424000
57.299000
58.553000
60.481000
61.952000
63.613000
64.777000
66.958000
68.109000
70.044000
71.672000
73.611000
75.209000
76.792000
79.010000
80.905000
82.096000
84.417000
85.965000
87.559000
91.302000
93.912000
95.818000
97.859000
99.728000
99.306000
