0.009000
0.033000
0.072000
0.127000
0.196000
0.288000
0.386000
0.503000
0.625000
0.773000
0.931000
1.103000
1.292000
1.494000
1.719000
1.959000
2.237000
2.458000
2.775000
3.066000
3.359000
3.655000
3.988000
4.239000
4.700000
5.061000
5.497000
5.883000
6.297000
6.726000
7.232000
7.708000
8.356000
8.728000
9.242000
9.791000
10.278000
11.132000
11.411000
12.117000
12.639000
13.191000
13.882000
14.194000
15.102000
15.845000
16.573000
17.294000
18.144000
18.837000
19.628000
20.305000
21.180000
21.988000
22.792000
23.679000
24.558000
25.503000
26.531000
27.259000
27.835000
28.936000
29.575000
31.085000
31.957000
33.195000
34.033000
35.037000
36.230000
37.136000
37.809000
39.779000
41.314000
41.416000
42.837000
43.874000
44.398000
45.628000
47.643000
48.459000
49.860000
50.881000
52.319000
53.651000
54.772000
56.051000
57.612000
58.247000
60.346000
61.871000
62.629000
64.145000
65.594000
67.907000
69.724000
71.489000
72.871000
74.344000
74.715000
76.574000
